0000000
0000011
0000100
0000111
0001000
0001011
0001100
0001111
0010000
0010011
0010100
0010111
0011000
0011011
0011100
0011111
0100000
0100010
0100101
0100111
0101000
0101010
0101101
0101111
0110000
0110010
0110101
0110111
0111000
0111010
0111101
0111111
1000000
1000010
1000100
1000110
1001001
1001011
1001101
1001111
1010000
1010010
1010100
1010110
1011001
1011011
1011101
1011111
1100000
1100010
1100100
1100110
1101000
1101010
1101100
1101110
1110001
1110011
1110101
1110111
1111001
1111011
1111101
1111111